
state={
	id=666
	name="STATE_666"
	resources={
		chromium=8.000
		oil=10.000
		steel=96.000
	}

	history={
		owner = V37
		victory_points = {
			4261 9 
		}
		buildings = {
			infrastructure = 8
			industrial_complex = 11
			arms_factory = 1
			air_base = 4

		}
		add_core_of = V37
	}

	provinces={
		208 227 257 273 286 291 298 339 380 393 403 1210 1258 1278 1305 1350 1378 1406 3196 3216 3246 3265 3276 3289 3348 3357 3372 3382 3385 4215 4261 4265 4283 4311 4324 4354 4383 4411 6226 6246 6275 6285 6302 6308 6352 6368 6379 6394 6404 6515 7237 7281 7300 7343 7373 7416 7431 7444 9243 9271 9299 9338 9349 9365 9385 9391 9420 10136 10142 10196 10224 10226 10256 10299 10301 11225 11240 11256 11273 11281 11319 11348 11377 11389 12117 12128 12130 12172 12200 12242 12270 12298 
	}
	manpower=5414508
	buildings_max_level_factor=1.000
	state_category=megalopolis
}
